10
1.4960e+11
 1.4960e+11  0.0000e+00  0.0000e+00  2.9800e+04  5.9740e+24    earth.gif
 2.2790e+11  0.0000e+00  0.0000e+00  2.4100e+04  6.4190e+23     mars.gif
 5.7900e+10  0.0000e+00  0.0000e+00  4.7900e+04  3.3020e+23  mercury.gif
 0.0000e+00  0.0000e+00  0.0000e+00  0.0000e+00  1.9890e+30      sun.gif
 1.0820e+11  0.0000e+00  0.0000e+00  3.5000e+04  4.8690e+24    venus.gif
 2.7783e+11  0.0000e+00  0.0000e+00  1.2500e+04  1.898e+27   jupiter.gif
 4.5030e+11  0.0000e+00  0.0000e+00  9.4000e+03  5.685e+26    saturn.gif
 7.7841e+11  0.0000e+00  0.0000e+00  6.2000e+03  8.681e+25    uranus.gif
 1.4267e+12  0.0000e+00  0.0000e+00  4.8000e+03  1.024e+26   neptune.gif
 5.9065e+12  0.0000e+00  0.0000e+00  7.1200e+03  3.3011e+23    pluto.gif